catkin:
  name: catkin
  issues: 130
  labelled: 86
  percent: 66.15384615384615
py_trees:
  name: py_trees
  issues: 130
  labelled: 118
  percent: 90.76923076923077
turtlebot3:
  name: turtlebot3
  issues: 130
  labelled: 101
  percent: 77.6923076923077
